id,god_card,god_icon,smite_id,attack_speed,attack_speed_per_level,hp5_per_level,health,health_per_five,health_per_level,mp5_per_level,magic_protection,magic_protection_per_level,magical_power,magical_power_per_level,mana,mana_per_five,mana_per_level,name,pantheon,physical_power,physical_power_per_level,physical_protection,physical_protection_per_level,roles,speed,god_type,basic_attack_dmg,basic_attack_dmg_per_level,basic_attack_progression,created_at,updated_at
1,https://web2.hirez.com/smite/god-cards/achilles.jpg,https://web2.hirez.com/smite/god-icons/achilles.jpg,3492,0.95,0.012,0.75,465,9,82,0.39,30,0.9,0,0.0,205,4.7,35,Achilles,Greek,38,2.0,17,3.0, Warrior,370," Melee, Physical",,,[],2018-11-12 21:12:16 UTC,2018-11-12 21:12:16 UTC
2,https://web2.hirez.com/smite/god-cards/agni.jpg,https://web2.hirez.com/smite/god-icons/agni.jpg,1737,1.0,0.012,0.47,360,7,71,0.37,30,0.9,170,7.5,255,4.7,45,Agni,Hindu,0,0.0,11,2.6, Mage,355," Ranged, Magical",,,[],2018-11-12 21:12:16 UTC,2018-11-12 21:12:16 UTC
3,https://web2.hirez.com/smite/god-cards/ah-muzen-cab.jpg,https://web2.hirez.com/smite/god-icons/ah-muzen-cab.jpg,1956,0.95,0.016,0.71,450,7,73,0.38,30,0.9,0,0.0,230,4.4,40,Ah Muzen Cab,Mayan,38,2.2,12,3.0, Hunter,365," Ranged, Physical",,,[],2018-11-12 21:12:16 UTC,2018-11-12 21:12:16 UTC
4,https://web2.hirez.com/smite/god-cards/ah-puch.jpg,https://web2.hirez.com/smite/god-icons/ah-puch.jpg,2056,0.86,0.008,0.45,400,6,75,0.42,30,0.9,175,7.5,265,4.9,55,Ah Puch,Mayan,0,0.0,9,2.7, Mage,365," Ranged, Magical",,,[],2018-11-12 21:12:16 UTC,2018-11-12 21:12:16 UTC
5,https://web2.hirez.com/smite/god-cards/amaterasu.jpg,https://web2.hirez.com/smite/god-icons/amaterasu.jpg,2110,1.0,0.012,0.8,470,8,82,0.4,30,0.9,0,0.0,220,4.8,35,Amaterasu,Japanese,39,2.0,18,3.0, Warrior,375," Melee, Physical",,,[],2018-11-12 21:12:16 UTC,2018-11-12 21:12:16 UTC
6,https://web2.hirez.com/smite/god-cards/anhur.jpg,https://web2.hirez.com/smite/god-icons/anhur.jpg,1773,0.9,0.015,0.69,460,8,78,0.32,30,0.9,0,0.0,220,4.5,35,Anhur,Egyptian,40,2.5,11,2.8, Hunter,365," Ranged, Physical",,,[],2018-11-12 21:12:16 UTC,2018-11-12 21:12:16 UTC
7,https://web2.hirez.com/smite/god-cards/anubis.jpg,https://web2.hirez.com/smite/god-icons/anubis.jpg,1668,0.86,0.009,0.45,350,7,66,0.36,30,0.9,175,7.5,280,4.8,58,Anubis,Egyptian,0,0.0,10,2.5, Mage,360," Ranged, Magical",,,[],2018-11-12 21:12:16 UTC,2018-11-12 21:12:16 UTC
8,https://web2.hirez.com/smite/god-cards/ao-kuang.jpg,https://web2.hirez.com/smite/god-icons/ao-kuang.jpg,2034,1.0,0.02,0.7,400,10,82,0.41,30,0.9,175,12.0,240,4.8,38,Ao Kuang,Chinese,0,0.0,12,3.0, Mage,375," Melee, Magical",,,[],2018-11-12 21:12:16 UTC,2018-11-12 21:12:16 UTC
9,https://web2.hirez.com/smite/god-cards/aphrodite.jpg,https://web2.hirez.com/smite/god-icons/aphrodite.jpg,1898,0.87,0.008,0.45,380,6,68,0.41,30,0.9,160,7.25,240,4.8,43,Aphrodite,Greek,0,0.0,9,2.7, Mage,355," Ranged, Magical",,,[],2018-11-12 21:12:16 UTC,2018-11-12 21:12:16 UTC
10,https://web2.hirez.com/smite/god-cards/apollo.jpg,https://web2.hirez.com/smite/god-icons/apollo.jpg,1899,0.95,0.016,0.69,450,8,77,0.4,30,0.9,0,0.0,225,4.6,40,Apollo,Greek,40,2.6,12,2.7, Hunter,365," Ranged, Physical",,,[],2018-11-12 21:12:16 UTC,2018-11-12 21:12:16 UTC
11,https://web2.hirez.com/smite/god-cards/arachne.jpg,https://web2.hirez.com/smite/god-icons/arachne.jpg,1699,1.0,0.02,0.67,445,9,79,0.46,30,0.9,0,0.0,210,4.8,41,Arachne,Greek,38,2.2,13,3.0, Assassin,375," Melee, Physical",,,[],2018-11-12 21:12:16 UTC,2018-11-12 21:12:16 UTC
12,https://web2.hirez.com/smite/god-cards/ares.jpg,https://web2.hirez.com/smite/god-icons/ares.jpg,1782,0.9,0.011,0.67,485,8,90,0.42,30,0.9,190,7.75,200,4.6,37,Ares,Greek,0,0.0,20,3.0, Guardian,365," Melee, Magical",,,[],2018-11-12 21:12:16 UTC,2018-11-12 21:12:16 UTC
13,https://web2.hirez.com/smite/god-cards/artemis.jpg,https://web2.hirez.com/smite/god-icons/artemis.jpg,1748,0.95,0.016,0.68,450,8,75,0.25,30,0.9,0,0.0,205,4.4,34,Artemis,Greek,35,2.5,12,3.0, Hunter,365," Ranged, Physical",,,[],2018-11-12 21:12:16 UTC,2018-11-12 21:12:16 UTC
14,https://web2.hirez.com/smite/god-cards/artio.jpg,https://web2.hirez.com/smite/god-icons/artio.jpg,3336,1.0,0.012,0.9,500,8,95,0.43,30,0.9,190,7.5,210,4.6,39,Artio,Celtic,0,0.0,20,3.2, Guardian,365," Melee, Magical",,,[],2018-11-12 21:12:16 UTC,2018-11-12 21:12:16 UTC
15,https://web2.hirez.com/smite/god-cards/athena.jpg,https://web2.hirez.com/smite/god-icons/athena.jpg,1919,1.0,0.012,0.9,500,8,100,0.42,30,0.9,175,7.5,190,4.6,34,Athena,Greek,0,0.0,20,3.2, Guardian,365," Melee, Magical",,,[],2018-11-12 21:12:16 UTC,2018-11-12 21:12:16 UTC
16,https://web2.hirez.com/smite/god-cards/awilix.jpg,https://web2.hirez.com/smite/god-icons/awilix.jpg,2037,1.0,0.019,0.68,475,10,77,0.27,30,0.9,0,0.0,220,3.9,38,Awilix,Mayan,38,2.16,13,3.0, Assassin,370," Melee, Physical",,,[],2018-11-12 21:12:16 UTC,2018-11-12 21:12:16 UTC
17,https://web2.hirez.com/smite/god-cards/bacchus.jpg,https://web2.hirez.com/smite/god-icons/bacchus.jpg,1809,0.88,0.009,0.8,495,8,86,0.4,30,0.9,185,7.5,200,4.8,40,Bacchus,Roman,0,0.0,19,3.0, Guardian,365," Melee, Magical",,,[],2018-11-12 21:12:16 UTC,2018-11-12 21:12:16 UTC
18,https://web2.hirez.com/smite/god-cards/bakasura.jpg,https://web2.hirez.com/smite/god-icons/bakasura.jpg,1755,1.0,0.016,0.68,455,9,78,0.46,30,0.9,0,0.0,200,4.8,39,Bakasura,Hindu,38,2.2,13,2.8, Assassin,370," Melee, Physical",,,[],2018-11-12 21:12:16 UTC,2018-11-12 21:12:16 UTC
19,https://web2.hirez.com/smite/god-cards/baron-samedi.jpg,https://web2.hirez.com/smite/god-icons/baron-samedi.jpg,3518,0.9,0.007,0.6,380,7,80,0.45,30,0.9,170,7.5,250,5.0,44,Baron Samedi,Voodoo,0,0.0,18,2.6, Mage,360, Magical,,,[],2018-11-12 21:12:16 UTC,2018-11-12 21:12:16 UTC
20,https://web2.hirez.com/smite/god-cards/bastet.jpg,https://web2.hirez.com/smite/god-icons/bastet.jpg,1678,1.0,0.02,0.72,415,9,80,0.25,30,0.9,0,0.0,230,4.4,39,Bastet,Egyptian,37,2.21,12,2.9, Assassin,375," Melee, Physical",,,[],2018-11-12 21:12:16 UTC,2018-11-12 21:12:16 UTC
21,https://web2.hirez.com/smite/god-cards/bellona.jpg,https://web2.hirez.com/smite/god-icons/bellona.jpg,2047,1.0,0.012,0.8,480,8,85,0.4,30,0.9,0,0.0,220,4.8,35,Bellona,Roman,36,2.0,18,3.0, Warrior,375," Melee, Physical",,,[],2018-11-12 21:12:16 UTC,2018-11-12 21:12:16 UTC
22,https://web2.hirez.com/smite/god-cards/cabrakan.jpg,https://web2.hirez.com/smite/god-icons/cabrakan.jpg,2008,0.9,0.011,0.75,490,8,90,0.42,30,0.9,190,7.5,200,4.6,34,Cabrakan,Mayan,0,0.0,20,3.3, Guardian,365," Melee, Magical",,,[],2018-11-12 21:12:16 UTC,2018-11-12 21:12:16 UTC
23,https://web2.hirez.com/smite/god-cards/camazotz.jpg,https://web2.hirez.com/smite/god-icons/camazotz.jpg,2189,1.0,0.02,0.67,440,8,78,0.3,30,0.9,0,0.0,240,4.4,35,Camazotz,Mayan,39,2.3,13,3.0, Assassin,375," Melee, Physical",,,[],2018-11-12 21:12:16 UTC,2018-11-12 21:12:16 UTC
24,https://web2.hirez.com/smite/god-cards/cerberus.jpg,https://web2.hirez.com/smite/god-icons/cerberus.jpg,3419,1.0,0.01,0.75,490,7,86,0.4,30,0.9,190,7.5,200,4.6,35,Cerberus,Greek,0,0.0,19,3.0, Guardian,360," Melee, Magical",,,[],2018-11-12 21:12:16 UTC,2018-11-12 21:12:16 UTC
25,https://web2.hirez.com/smite/god-cards/cernunnos.jpg,https://web2.hirez.com/smite/god-icons/cernunnos.jpg,2268,1.0,0.014,0.69,480,8,80,0.32,30,0.9,0,0.0,220,4.5,37,Cernunnos,Celtic,37,2.5,13,2.9, Hunter,365, Ranged,,,[],2018-11-12 21:12:16 UTC,2018-11-12 21:12:16 UTC
26,https://web2.hirez.com/smite/god-cards/chaac.jpg,https://web2.hirez.com/smite/god-icons/chaac.jpg,1966,1.0,0.01,0.8,480,7,85,0.39,30,0.9,0,0.0,205,4.7,35,Chaac,Mayan,39,2.1,18,3.0, Warrior,375," Melee, Physical",,,[],2018-11-12 21:12:16 UTC,2018-11-12 21:12:16 UTC
27,https://web2.hirez.com/smite/god-cards/change.jpg,https://web2.hirez.com/smite/god-icons/change.jpg,1921,1.0,0.01,0.45,375,6,70,0.44,30,0.9,160,7.25,290,5.5,43,Chang'e,Chinese,0,0.0,11,2.7, Mage,355," Ranged, Magical",,,[],2018-11-12 21:12:16 UTC,2018-11-12 21:12:16 UTC
28,https://web2.hirez.com/smite/god-cards/chernobog.jpg,https://web2.hirez.com/smite/god-icons/chernobog.jpg,3509,0.95,0.016,0.67,450,8,80,0.35,30,0.9,0,0.0,220,4.4,38,Chernobog,Slavic,36,2.6,11,3.0, Hunter,365," Ranged, Physical",,,[],2018-11-12 21:12:16 UTC,2018-11-12 21:12:16 UTC
29,https://web2.hirez.com/smite/god-cards/chiron.jpg,https://web2.hirez.com/smite/god-icons/chiron.jpg,2075,1.0,0.011,0.65,460,6,75,0.38,30,0.9,0,0.0,225,4.4,40,Chiron,Greek,35,2.35,12,2.8, Hunter,380," Ranged, Physical",,,[],2018-11-12 21:12:16 UTC,2018-11-12 21:12:16 UTC
30,https://web2.hirez.com/smite/god-cards/chronos.jpg,https://web2.hirez.com/smite/god-icons/chronos.jpg,1920,1.0,0.008,0.48,370,7,70,0.44,30,0.9,200,7.5,240,4.4,42,Chronos,Greek,0,0.0,11,2.9, Mage,360," Ranged, Magical",,,[],2018-11-12 21:12:16 UTC,2018-11-12 21:12:16 UTC
31,https://web2.hirez.com/smite/god-cards/cu-chulainn.jpg,https://web2.hirez.com/smite/god-icons/cu-chulainn.jpg,2319,1.0,0.012,0.75,465,7,82,0.0,30,0.9,0,0.0,100,0.0,0,Cu Chulainn,Celtic,38,2.0,17,3.0, Warrior,370," Melee, Physical",,,[],2018-11-12 21:12:16 UTC,2018-11-12 21:12:16 UTC
32,https://web2.hirez.com/smite/god-cards/cupid.jpg,https://web2.hirez.com/smite/god-icons/cupid.jpg,1778,0.95,0.017,0.67,445,8,72,0.35,30,0.9,0,0.0,230,4.6,39,Cupid,Roman,35,2.3,11,3.0, Hunter,365," Ranged, Physical",,,[],2018-11-12 21:12:16 UTC,2018-11-12 21:12:16 UTC
33,https://web2.hirez.com/smite/god-cards/da-ji.jpg,https://web2.hirez.com/smite/god-icons/da-ji.jpg,2270,1.0,0.02,0.7,440,9,76,0.37,30,0.9,0,0.0,210,4.6,40,Da Ji,Chinese,39,2.25,14,3.0, Assassin,375," Melee, Physical",,,[],2018-11-12 21:12:16 UTC,2018-11-12 21:12:16 UTC
34,https://web2.hirez.com/smite/god-cards/discordia.jpg,https://web2.hirez.com/smite/god-icons/discordia.jpg,3377,0.9,0.009,0.45,370,7,68,0.43,30,0.9,170,7.5,280,5.0,51,Discordia,Roman,0,0.0,9,2.7, Mage,360," Ranged, Magical",,,[],2018-11-12 21:12:16 UTC,2018-11-12 21:12:16 UTC
35,https://web2.hirez.com/smite/god-cards/erlang-shen.jpg,https://web2.hirez.com/smite/god-icons/erlang-shen.jpg,2138,1.0,0.01,0.6,475,8,82,0.3,30,0.9,0,0.0,220,4.7,35,Erlang Shen,Chinese,39,2.0,17,3.0, Warrior,375," Melee, Physical",,,[],2018-11-12 21:12:16 UTC,2018-11-12 21:12:16 UTC
36,https://web2.hirez.com/smite/god-cards/fafnir.jpg,https://web2.hirez.com/smite/god-icons/fafnir.jpg,2136,0.9,0.011,0.54,495,7,90,0.45,30,0.9,185,7.75,200,4.5,40,Fafnir,Norse,0,0.0,21,3.4, Guardian,365," Melee, Magical",,,[],2018-11-12 21:12:16 UTC,2018-11-12 21:12:16 UTC
37,https://web2.hirez.com/smite/god-cards/fenrir.jpg,https://web2.hirez.com/smite/god-icons/fenrir.jpg,1843,1.0,0.017,0.73,455,8,78,0.26,30,0.9,0,0.0,230,4.2,35,Fenrir,Norse,38,2.3,14,3.0, Assassin,370," Melee, Physical",,,[],2018-11-12 21:12:16 UTC,2018-11-12 21:12:16 UTC
38,https://web2.hirez.com/smite/god-cards/freya.jpg,https://web2.hirez.com/smite/god-icons/freya.jpg,1784,0.95,0.019,0.52,405,7,80,0.39,30,0.9,175,7.5,220,4.5,37,Freya,Norse,0,0.0,14,2.8, Mage,370," Melee, Magical",,,[],2018-11-12 21:12:16 UTC,2018-11-12 21:12:16 UTC
39,https://web2.hirez.com/smite/god-cards/ganesha.jpg,https://web2.hirez.com/smite/god-icons/ganesha.jpg,2269,1.0,0.012,0.67,495,6,95,0.42,30,0.9,190,7.75,200,4.6,40,Ganesha,Hindu,0,0.0,20,3.2, Guardian,360," Melee, Magical",,,[],2018-11-12 21:12:16 UTC,2018-11-12 21:12:16 UTC
40,https://web2.hirez.com/smite/god-cards/geb.jpg,https://web2.hirez.com/smite/god-icons/geb.jpg,1978,1.0,0.012,0.8,510,8,90,0.4,30,0.9,190,7.5,190,4.6,34,Geb,Egyptian,0,0.0,19,3.0, Guardian,360," Melee, Magical",,,[],2018-11-12 21:12:16 UTC,2018-11-12 21:12:16 UTC
41,https://web2.hirez.com/smite/god-cards/guan-yu.jpg,https://web2.hirez.com/smite/god-icons/guan-yu.jpg,1763,1.0,0.009,0.7,470,6,84,0.45,30,0.9,0,0.0,220,4.8,35,Guan Yu,Chinese,37,2.0,16,3.0, Warrior,375," Melee, Physical",,,[],2018-11-12 21:12:16 UTC,2018-11-12 21:12:16 UTC
42,https://web2.hirez.com/smite/god-cards/hachiman.jpg,https://web2.hirez.com/smite/god-icons/hachiman.jpg,3344,1.0,0.013,0.69,455,7,77,0.37,30,0.9,0,0.0,230,4.5,36,Hachiman,Japanese,36,2.5,11,2.75, Hunter,365," Ranged, Physical",,,[],2018-11-12 21:12:16 UTC,2018-11-12 21:12:16 UTC
43,https://web2.hirez.com/smite/god-cards/hades.jpg,https://web2.hirez.com/smite/god-icons/hades.jpg,1676,0.95,0.01,0.54,450,5,80,0.36,30,0.9,160,7.5,265,5.0,53,Hades,Greek,0,0.0,18,2.6, Mage,355," Ranged, Magical",,,[],2018-11-12 21:12:16 UTC,2018-11-12 21:12:16 UTC
44,https://web2.hirez.com/smite/god-cards/he-bo.jpg,https://web2.hirez.com/smite/god-icons/he-bo.jpg,1674,0.86,0.008,0.45,400,6,67,0.4,30,0.9,170,7.25,298,4.9,56,He Bo,Chinese,0,0.0,9,2.6, Mage,355," Ranged, Magical",,,[],2018-11-12 21:12:16 UTC,2018-11-12 21:12:16 UTC
45,https://web2.hirez.com/smite/god-cards/hel.jpg,https://web2.hirez.com/smite/god-icons/hel.jpg,1718,0.86,0.008,0.43,380,5,67,0.45,30,0.9,165,7.5,300,5.0,57,Hel,Norse,0,0.0,9,2.6, Mage,355," Ranged, Magical",,,[],2018-11-12 21:12:16 UTC,2018-11-12 21:12:16 UTC
46,https://web2.hirez.com/smite/god-cards/hera.jpg,https://web2.hirez.com/smite/god-icons/hera.jpg,3558,0.9,0.009,0.45,380,6,68,0.41,30,0.9,170,7.25,265,4.8,45,Hera,Greek,0,0.0,9,2.7, Mage,365,"",,,[],2018-11-12 21:12:16 UTC,2018-11-12 21:12:16 UTC
47,https://web2.hirez.com/smite/god-cards/hercules.jpg,https://web2.hirez.com/smite/god-icons/hercules.jpg,1848,1.0,0.008,0.63,480,7,86,0.4,30,0.9,0,0.0,205,4.3,32,Hercules,Roman,39,2.0,18,3.0, Warrior,375," Melee, Physical",,,[],2018-11-12 21:12:16 UTC,2018-11-12 21:12:16 UTC
48,https://web2.hirez.com/smite/god-cards/hou-yi.jpg,https://web2.hirez.com/smite/god-icons/hou-yi.jpg,2040,0.95,0.011,0.68,480,8,78,0.35,30,0.9,0,0.0,240,5.0,38,Hou Yi,Chinese,40,2.8,13,2.8, Hunter,370," Ranged, Physical",,,[],2018-11-12 21:12:16 UTC,2018-11-12 21:12:16 UTC
49,https://web2.hirez.com/smite/god-cards/hun-batz.jpg,https://web2.hirez.com/smite/god-icons/hun-batz.jpg,1673,1.0,0.019,0.68,460,10,75,0.27,30,0.9,0,0.0,220,3.9,38,Hun Batz,Mayan,38,2.16,13,3.0, Assassin,370," Melee, Physical",,,[],2018-11-12 21:12:16 UTC,2018-11-12 21:12:16 UTC
50,https://web2.hirez.com/smite/god-cards/isis.jpg,https://web2.hirez.com/smite/god-icons/isis.jpg,1918,1.0,0.0,0.45,365,6,68,0.43,30,0.9,175,7.5,280,4.8,51,Isis,Egyptian,0,0.0,9,2.7, Mage,360," Ranged, Magical",,,[],2018-11-12 21:12:16 UTC,2018-11-12 21:12:16 UTC
51,https://web2.hirez.com/smite/god-cards/izanami.jpg,https://web2.hirez.com/smite/god-icons/izanami.jpg,2179,0.95,0.016,0.7,450,6,77,0.38,30,0.9,0,0.0,210,4.4,35,Izanami,Japanese,36,2.4,11,2.9, Hunter,365," Ranged, Physical",,,[],2018-11-12 21:12:16 UTC,2018-11-12 21:12:16 UTC
52,https://web2.hirez.com/smite/god-cards/janus.jpg,https://web2.hirez.com/smite/god-icons/janus.jpg,1999,1.0,0.008,0.45,400,6,70,0.45,30,0.9,170,7.25,350,5.0,58,Janus,Roman,0,0.0,8,2.6, Mage,360," Ranged, Magical",,,[],2018-11-12 21:12:16 UTC,2018-11-12 21:12:16 UTC
53,https://web2.hirez.com/smite/god-cards/jing-wei.jpg,https://web2.hirez.com/smite/god-icons/jing-wei.jpg,2122,1.0,0.014,0.68,445,7,78,0.3,30,0.9,0,0.0,205,4.4,36,Jing Wei,Chinese,38,2.7,11,2.9, Hunter,370," Ranged, Physical",,,[],2018-11-12 21:12:16 UTC,2018-11-12 21:12:16 UTC
54,https://web2.hirez.com/smite/god-cards/kali.jpg,https://web2.hirez.com/smite/god-icons/kali.jpg,1649,1.0,0.022,0.68,470,9,74,0.21,30,0.9,0,0.0,205,4.3,34,Kali,Hindu,37,2.32,15,2.9, Assassin,375," Melee, Physical",,,[],2018-11-12 21:12:16 UTC,2018-11-12 21:12:16 UTC
55,https://web2.hirez.com/smite/god-cards/khepri.jpg,https://web2.hirez.com/smite/god-icons/khepri.jpg,2066,1.0,0.012,0.8,490,8,90,0.4,30,0.9,190,7.5,190,4.6,34,Khepri,Egyptian,0,0.0,19,3.0, Guardian,365," Melee, Magical",,,[],2018-11-12 21:12:16 UTC,2018-11-12 21:12:16 UTC
56,https://web2.hirez.com/smite/god-cards/kukulkan.jpg,https://web2.hirez.com/smite/god-icons/kukulkan.jpg,1677,0.87,0.008,0.46,365,7,68,0.45,30,0.9,170,7.25,265,5.0,45,Kukulkan,Mayan,0,0.0,13,3.0, Mage,355," Ranged, Magical",,,[],2018-11-12 21:12:16 UTC,2018-11-12 21:12:16 UTC
57,https://web2.hirez.com/smite/god-cards/kumbhakarna.jpg,https://web2.hirez.com/smite/god-icons/kumbhakarna.jpg,1993,1.0,0.012,0.75,490,8,100,0.42,30,0.9,190,7.5,200,4.6,34,Kumbhakarna,Hindu,0,0.0,18,3.2, Guardian,365," Melee, Magical",,,[],2018-11-12 21:12:16 UTC,2018-11-12 21:12:16 UTC
58,https://web2.hirez.com/smite/god-cards/kuzenbo.jpg,https://web2.hirez.com/smite/god-icons/kuzenbo.jpg,2260,1.0,0.012,0.85,500,8,100,0.42,30,0.9,190,7.5,200,4.6,34,Kuzenbo,Japanese,0,0.0,18,3.2, Guardian,365," Melee, Magical",,,[],2018-11-12 21:12:16 UTC,2018-11-12 21:12:16 UTC
59,https://web2.hirez.com/smite/god-cards/loki.jpg,https://web2.hirez.com/smite/god-icons/loki.jpg,1797,1.0,0.019,0.7,395,8,75,0.35,30,0.9,0,0.0,210,4.2,35,Loki,Norse,38,2.4,11,2.9, Assassin,375," Melee, Physical",,,[],2018-11-12 21:12:16 UTC,2018-11-12 21:12:16 UTC
60,https://web2.hirez.com/smite/god-cards/medusa.jpg,https://web2.hirez.com/smite/god-icons/medusa.jpg,2051,0.95,0.013,0.68,470,8,77,0.25,30,0.9,0,0.0,220,4.4,34,Medusa,Greek,38,2.6,12,3.0, Hunter,365," Ranged, Physical",,,[],2018-11-12 21:12:16 UTC,2018-11-12 21:12:16 UTC
61,https://web2.hirez.com/smite/god-cards/mercury.jpg,https://web2.hirez.com/smite/god-icons/mercury.jpg,1941,1.0,0.024,0.7,400,10,75,0.35,30,0.9,0,0.0,200,4.4,40,Mercury,Roman,38,2.13,12,2.9, Assassin,381," Melee, Physical",,,[],2018-11-12 21:12:16 UTC,2018-11-12 21:12:16 UTC
62,https://web2.hirez.com/smite/god-cards/ne-zha.jpg,https://web2.hirez.com/smite/god-icons/ne-zha.jpg,1915,1.0,0.021,0.71,400,10,75,0.27,30,0.9,0,0.0,200,3.9,35,Ne Zha,Chinese,39,2.2,12,2.9, Assassin,375," Melee, Physical",,,[],2018-11-12 21:12:16 UTC,2018-11-12 21:12:16 UTC
63,https://web2.hirez.com/smite/god-cards/neith.jpg,https://web2.hirez.com/smite/god-icons/neith.jpg,1872,1.0,0.016,0.54,435,6,75,0.35,30,0.9,0,0.0,230,4.4,39,Neith,Egyptian,38,2.5,12,3.0, Hunter,365," Ranged, Physical",,,[],2018-11-12 21:12:16 UTC,2018-11-12 21:12:16 UTC
64,https://web2.hirez.com/smite/god-cards/nemesis.jpg,https://web2.hirez.com/smite/god-icons/nemesis.jpg,1980,1.0,0.022,0.7,470,8,76,0.4,30,0.9,0,0.0,210,4.3,38,Nemesis,Greek,39,2.25,11,3.0, Assassin,375," Melee, Physical",,,[],2018-11-12 21:12:16 UTC,2018-11-12 21:12:16 UTC
65,https://web2.hirez.com/smite/god-cards/nike.jpg,https://web2.hirez.com/smite/god-icons/nike.jpg,2214,1.0,0.012,0.8,470,7,80,0.39,30,0.9,0,0.0,220,4.6,38,Nike,Greek,37,2.0,15,3.0, Warrior,375," Melee, Physical",,,[],2018-11-12 21:12:16 UTC,2018-11-12 21:12:16 UTC
66,https://web2.hirez.com/smite/god-cards/nox.jpg,https://web2.hirez.com/smite/god-icons/nox.jpg,2036,1.0,0.008,0.6,365,8,75,0.4,30,0.9,170,7.5,250,5.0,38,Nox,Roman,0,0.0,18,2.6, Mage,360," Ranged, Magical",,,[],2018-11-12 21:12:16 UTC,2018-11-12 21:12:16 UTC
67,https://web2.hirez.com/smite/god-cards/nu-wa.jpg,https://web2.hirez.com/smite/god-icons/nu-wa.jpg,1958,1.0,0.017,0.45,400,7,75,0.43,30,0.9,175,7.5,265,4.6,43,Nu Wa,Chinese,0,0.0,9,2.7, Mage,355," Ranged, Magical",,,[],2018-11-12 21:12:16 UTC,2018-11-12 21:12:16 UTC
68,https://web2.hirez.com/smite/god-cards/odin.jpg,https://web2.hirez.com/smite/god-icons/odin.jpg,1669,1.0,0.011,0.63,460,9,80,0.4,30,0.9,0,0.0,200,4.1,35,Odin,Norse,38,2.0,16,3.0, Warrior,370," Melee, Physical",,,[],2018-11-12 21:12:16 UTC,2018-11-12 21:12:16 UTC
69,https://web2.hirez.com/smite/god-cards/osiris.jpg,https://web2.hirez.com/smite/god-icons/osiris.jpg,2000,1.0,0.014,0.8,475,6,85,0.39,30,0.9,0,0.0,230,4.7,40,Osiris,Egyptian,39,2.25,17,3.0, Warrior,375," Melee, Physical",,,[],2018-11-12 21:12:16 UTC,2018-11-12 21:12:16 UTC
70,https://web2.hirez.com/smite/god-cards/pele.jpg,https://web2.hirez.com/smite/god-icons/pele.jpg,3543,1.0,0.02,0.7,460,9,77,0.4,30,0.9,0,0.0,240,4.3,40,Pele,Polynesian,39,2.25,12,2.9, Assassin,375," Melee, Physical",,,[],2018-11-12 21:12:16 UTC,2018-11-12 21:12:16 UTC
71,https://web2.hirez.com/smite/god-cards/poseidon.jpg,https://web2.hirez.com/smite/god-icons/poseidon.jpg,1881,0.87,0.01,0.5,380,6,67,0.4,30,0.9,175,7.5,245,4.6,40,Poseidon,Greek,0,0.0,8,2.2, Mage,360," Ranged, Magical",,,[],2018-11-12 21:12:16 UTC,2018-11-12 21:12:16 UTC
72,https://web2.hirez.com/smite/god-cards/ra.jpg,https://web2.hirez.com/smite/god-icons/ra.jpg,1698,0.88,0.009,0.48,385,7,68,0.44,30,0.9,170,7.5,255,4.8,48,Ra,Egyptian,0,0.0,10,2.5, Mage,360," Ranged, Magical",,,[],2018-11-12 21:12:16 UTC,2018-11-12 21:12:16 UTC
73,https://web2.hirez.com/smite/god-cards/raijin.jpg,https://web2.hirez.com/smite/god-icons/raijin.jpg,2113,0.87,0.008,0.45,385,6,80,0.46,30,0.9,170,7.5,255,4.6,43,Raijin,Japanese,0,0.0,9,3.1, Mage,355," Ranged, Magical",,,[],2018-11-12 21:12:16 UTC,2018-11-12 21:12:16 UTC
74,https://web2.hirez.com/smite/god-cards/rama.jpg,https://web2.hirez.com/smite/god-icons/rama.jpg,2002,0.95,0.016,0.65,460,8,76,0.25,30,0.9,0,0.0,205,4.5,34,Rama,Hindu,40,2.5,12,2.8, Hunter,365," Ranged, Physical",,,[],2018-11-12 21:12:16 UTC,2018-11-12 21:12:16 UTC
75,https://web2.hirez.com/smite/god-cards/ratatoskr.jpg,https://web2.hirez.com/smite/god-icons/ratatoskr.jpg,2063,1.0,0.02,0.7,420,9,73,0.46,30,0.9,0,0.0,240,4.6,41,Ratatoskr,Norse,39,2.25,12,3.0, Assassin,375," Melee, Physical",,,[],2018-11-12 21:12:16 UTC,2018-11-12 21:12:16 UTC
76,https://web2.hirez.com/smite/god-cards/ravana.jpg,https://web2.hirez.com/smite/god-icons/ravana.jpg,2065,1.0,0.017,0.7,400,8,75,0.35,30,0.9,0,0.0,230,4.4,37,Ravana,Hindu,39,2.2,13,2.9, Assassin,370," Melee, Physical",,,[],2018-11-12 21:12:16 UTC,2018-11-12 21:12:16 UTC
77,https://web2.hirez.com/smite/god-cards/scylla.jpg,https://web2.hirez.com/smite/god-icons/scylla.jpg,1988,1.0,0.008,0.45,365,6,75,0.4,30,0.9,170,7.25,298,4.9,56,Scylla,Greek,0,0.0,9,2.6, Mage,355," Ranged, Magical",,,[],2018-11-12 21:12:16 UTC,2018-11-12 21:12:16 UTC
78,https://web2.hirez.com/smite/god-cards/serqet.jpg,https://web2.hirez.com/smite/god-icons/serqet.jpg,2005,1.0,0.022,0.7,400,9,74,0.29,30,0.9,0,0.0,240,4.3,40,Serqet,Egyptian,39,2.25,14,2.9, Assassin,370," Melee, Physical",,,[],2018-11-12 21:12:16 UTC,2018-11-12 21:12:16 UTC
79,https://web2.hirez.com/smite/god-cards/skadi.jpg,https://web2.hirez.com/smite/god-icons/skadi.jpg,2107,0.95,0.015,0.69,470,8,78,0.32,30,0.9,0,0.0,220,4.5,35,Skadi,Norse,35,2.5,11,2.8, Hunter,375," Ranged, Physical",,,[],2018-11-12 21:12:16 UTC,2018-11-12 21:12:16 UTC
80,https://web2.hirez.com/smite/god-cards/sobek.jpg,https://web2.hirez.com/smite/god-icons/sobek.jpg,1747,0.85,0.012,0.75,490,6,81,0.43,30,0.9,190,7.5,210,4.5,35,Sobek,Egyptian,0,0.0,19,3.0, Guardian,365," Melee, Magical",,,[],2018-11-12 21:12:16 UTC,2018-11-12 21:12:16 UTC
81,https://web2.hirez.com/smite/god-cards/sol.jpg,https://web2.hirez.com/smite/god-icons/sol.jpg,2074,1.0,0.018,0.45,400,6,75,0.4,30,0.9,170,7.25,300,4.9,57,Sol,Norse,0,0.0,9,2.6, Mage,370," Ranged, Magical",,,[],2018-11-12 21:12:16 UTC,2018-11-12 21:12:16 UTC
82,https://web2.hirez.com/smite/god-cards/sun-wukong.jpg,https://web2.hirez.com/smite/god-icons/sun-wukong.jpg,1944,1.0,0.009,0.8,470,8,82,0.38,30,0.9,0,0.0,205,4.3,35,Sun Wukong,Chinese,39,2.0,18,3.0, Warrior,370," Melee, Physical",,,[],2018-11-12 21:12:16 UTC,2018-11-12 21:12:16 UTC
83,https://web2.hirez.com/smite/god-cards/susano.jpg,https://web2.hirez.com/smite/god-icons/susano.jpg,2123,1.0,0.022,0.7,435,9,76,0.27,30,0.9,0,0.0,225,4.2,38,Susano,Japanese,38,2.2,14,2.9, Assassin,370," Melee, Physical",,,[],2018-11-12 21:12:16 UTC,2018-11-12 21:12:16 UTC
84,https://web2.hirez.com/smite/god-cards/sylvanus.jpg,https://web2.hirez.com/smite/god-icons/sylvanus.jpg,2030,0.85,0.005,0.8,510,8,90,0.4,30,0.9,175,7.5,190,4.6,34,Sylvanus,Roman,0,0.0,19,3.0, Guardian,360," Ranged, Magical",,,[],2018-11-12 21:12:16 UTC,2018-11-12 21:12:16 UTC
85,https://web2.hirez.com/smite/god-cards/terra.jpg,https://web2.hirez.com/smite/god-icons/terra.jpg,2147,0.9,0.013,0.8,500,8,95,0.4,30,0.9,190,7.75,200,4.6,35,Terra,Roman,0,0.0,20,3.2, Guardian,365," Melee, Magical",,,[],2018-11-12 21:12:16 UTC,2018-11-12 21:12:16 UTC
86,https://web2.hirez.com/smite/god-cards/thanatos.jpg,https://web2.hirez.com/smite/god-icons/thanatos.jpg,1943,1.0,0.017,0.67,390,8,75,0.38,30,0.9,0,0.0,240,4.4,38,Thanatos,Greek,39,2.3,14,2.9, Assassin,370," Melee, Physical",,,[],2018-11-12 21:12:16 UTC,2018-11-12 21:12:16 UTC
87,https://web2.hirez.com/smite/god-cards/the-morrigan.jpg,https://web2.hirez.com/smite/god-icons/the-morrigan.jpg,2226,0.87,0.009,0.7,400,10,75,0.4,30,0.9,170,12.0,250,4.5,38,The Morrigan,Celtic,0,0.0,12,3.0, Mage,365," Ranged, Magical",,,[],2018-11-12 21:12:16 UTC,2018-11-12 21:12:16 UTC
88,https://web2.hirez.com/smite/god-cards/thor.jpg,https://web2.hirez.com/smite/god-icons/thor.jpg,1779,1.0,0.014,0.69,475,9,76,0.29,30,0.9,0,0.0,240,4.4,38,Thor,Norse,39,2.4,14,2.9, Assassin,370," Melee, Physical",,,[],2018-11-12 21:12:16 UTC,2018-11-12 21:12:16 UTC
89,https://web2.hirez.com/smite/god-cards/thoth.jpg,https://web2.hirez.com/smite/god-icons/thoth.jpg,2203,1.0,0.012,0.45,365,6,75,0.44,30,0.9,160,7.5,245,4.6,49,Thoth,Egyptian,0,0.0,9,2.6, Mage,355," Ranged, Magical",,,[],2018-11-12 21:12:16 UTC,2018-11-12 21:12:16 UTC
90,https://web2.hirez.com/smite/god-cards/tyr.jpg,https://web2.hirez.com/smite/god-icons/tyr.jpg,1924,1.0,0.009,0.72,475,8,80,0.29,30,0.9,0,0.0,230,4.4,40,Tyr,Norse,39,2.0,15,3.0, Warrior,375," Melee, Physical",,,[],2018-11-12 21:12:16 UTC,2018-11-12 21:12:16 UTC
91,https://web2.hirez.com/smite/god-cards/ullr.jpg,https://web2.hirez.com/smite/god-icons/ullr.jpg,1991,0.95,0.014,0.71,480,8,80,0.38,30,0.9,0,0.0,230,4.4,40,Ullr,Norse,38,2.4,13,3.0, Hunter,360," Ranged, Physical",,,[],2018-11-12 21:12:16 UTC,2018-11-12 21:12:16 UTC
92,https://web2.hirez.com/smite/god-cards/vamana.jpg,https://web2.hirez.com/smite/god-icons/vamana.jpg,1723,0.9,0.013,0.5,480,8,85,0.41,30,0.9,0,0.0,200,4.7,39,Vamana,Hindu,37,2.0,18,2.9, Warrior,380," Melee, Physical",,,[],2018-11-12 21:12:16 UTC,2018-11-12 21:12:16 UTC
93,https://web2.hirez.com/smite/god-cards/vulcan.jpg,https://web2.hirez.com/smite/god-icons/vulcan.jpg,1869,0.9,0.01,0.48,380,7,71,0.45,30,0.9,170,7.5,245,4.8,40,Vulcan,Roman,0,0.0,13,3.0, Mage,360," Ranged, Magical",,,[],2018-11-12 21:12:16 UTC,2018-11-12 21:12:16 UTC
94,https://web2.hirez.com/smite/god-cards/xbalanque.jpg,https://web2.hirez.com/smite/god-icons/xbalanque.jpg,1864,0.95,0.01,0.68,455,8,75,0.4,30,0.9,0,0.0,220,4.4,37,Xbalanque,Mayan,37,2.5,12,2.9, Hunter,365," Ranged, Physical",,,[],2018-11-12 21:12:16 UTC,2018-11-12 21:12:16 UTC
95,https://web2.hirez.com/smite/god-cards/xing-tian.jpg,https://web2.hirez.com/smite/god-icons/xing-tian.jpg,2072,0.9,0.011,0.54,495,5,90,0.45,30,0.9,175,7.75,200,4.5,40,Xing Tian,Chinese,0,0.0,21,3.4, Guardian,360," Melee, Magical",,,[],2018-11-12 21:12:16 UTC,2018-11-12 21:12:16 UTC
96,https://web2.hirez.com/smite/god-cards/ymir.jpg,https://web2.hirez.com/smite/god-icons/ymir.jpg,1670,0.85,0.01,0.9,510,8,104,0.4,30,0.9,190,7.75,200,4.5,32,Ymir,Norse,0,0.0,23,3.3, Guardian,365," Melee, Magical",,,[],2018-11-12 21:12:16 UTC,2018-11-12 21:12:16 UTC
97,https://web2.hirez.com/smite/god-cards/zeus.jpg,https://web2.hirez.com/smite/god-icons/zeus.jpg,1672,0.87,0.009,0.45,380,6,71,0.45,30,0.9,175,7.5,245,4.6,44,Zeus,Greek,0,0.0,8,2.7, Mage,360," Ranged, Magical",,,[],2018-11-12 21:12:16 UTC,2018-11-12 21:12:16 UTC
98,https://web2.hirez.com/smite/god-cards/zhong-kui.jpg,https://web2.hirez.com/smite/god-icons/zhong-kui.jpg,1926,0.86,0.009,0.44,450,6,85,0.45,30,0.9,165,7.5,250,4.8,47,Zhong Kui,Chinese,0,0.0,8,2.6, Mage,360," Ranged, Magical",,,[],2018-11-12 21:12:16 UTC,2018-11-12 21:12:16 UTC
